1789499463.412 2.36 3.60 3.56
1789499465.412 2.36 3.60 3.56
1789499467.415 2.49 3.61 3.57
1789499469.417 2.49 3.61 3.57
1789499471.420 2.45 3.58 3.56
1789499473.421 2.45 3.58 3.56
1789499475.421 2.45 3.58 3.56
1789499477.421 2.42 3.56 3.55
1789499479.422 2.42 3.56 3.55
1789499481.424 2.30 3.51 3.53
1789499483.425 2.30 3.51 3.53
1789499485.426 2.30 3.51 3.53
1789499487.426 2.28 3.49 3.52
1789499489.427 2.28 3.49 3.52
1789499491.428 2.34 3.48 3.52
1789499493.428 2.34 3.48 3.52
1789499495.433 2.34 3.48 3.52
1789499497.433 2.23 3.44 3.51
1789499499.435 2.23 3.44 3.51
1789499501.436 2.13 3.40 3.49
1789499503.437 2.13 3.40 3.49
1789499505.438 2.13 3.40 3.49
1789499507.439 2.04 3.36 3.48
1789499509.440 2.04 3.36 3.48
1789499511.444 2.28 3.38 3.48
1789499513.444 2.28 3.38 3.48
1789499515.445 2.28 3.38 3.48
1789499517.445 2.33 3.38 3.48
1789499519.448 2.33 3.38 3.48
1789499521.450 2.31 3.35 3.47
1789499523.453 2.31 3.35 3.47
1789499525.454 2.31 3.35 3.47
1789499527.454 2.28 3.33 3.46
1789499529.455 2.28 3.33 3.46
1789499531.455 2.18 3.29 3.45
1789499533.456 2.18 3.29 3.45
1789499535.459 2.18 3.29 3.45
1789499537.464 2.16 3.27 3.44
1789499539.465 2.16 3.27 3.44
1789499541.469 2.55 3.33 3.46
1789499543.470 2.55 3.33 3.46
1789499545.472 2.55 3.33 3.46
1789499547.474 2.67 3.34 3.46
1789499549.476 2.67 3.34 3.46
1789499551.476 2.61 3.32 3.46
1789499553.481 2.61 3.32 3.46
1789499555.482 2.61 3.32 3.46
1789499557.483 3.04 3.40 3.48
1789499559.484 3.04 3.40 3.48
1789499561.485 2.96 3.38 3.47
1789499563.486 2.96 3.38 3.47
1789499565.488 2.96 3.38 3.47
1789499567.488 2.96 3.37 3.47
1789499569.490 2.96 3.37 3.47
1789499571.490 2.89 3.35 3.46
1789499573.490 2.89 3.35 3.46
1789499575.490 2.89 3.35 3.46
1789499577.490 2.81 3.32 3.45
1789499579.492 2.81 3.32 3.45
1789499581.492 2.91 3.33 3.46
1789499583.493 2.91 3.33 3.46
1789499585.493 2.91 3.33 3.46
1789499587.493 3.00 3.35 3.46
1789499589.493 3.00 3.35 3.46
1789499591.494 3.16 3.37 3.47
1789499593.494 3.16 3.37 3.47
1789499595.496 3.16 3.37 3.47
1789499597.500 3.14 3.37 3.46
1789499599.503 3.14 3.37 3.46
1789499601.505 3.05 3.34 3.46
1789499603.510 3.05 3.34 3.46
1789499605.511 3.05 3.34 3.46
1789499607.511 2.89 3.30 3.44
1789499609.511 2.89 3.30 3.44
1789499611.513 2.90 3.30 3.44
1789499613.514 2.90 3.30 3.44
1789499615.514 2.90 3.30 3.44
1789499617.514 2.82 3.28 3.43
1789499619.514 2.82 3.28 3.43
1789499621.514 2.84 3.27 3.43
1789499623.515 2.84 3.27 3.43
1789499625.515 2.84 3.27 3.43
1789499627.516 2.93 3.28 3.43
1789499629.516 2.93 3.28 3.43
1789499631.518 3.10 3.31 3.44
1789499633.518 3.10 3.31 3.44
1789499635.519 3.10 3.31 3.44
1789499637.519 3.01 3.29 3.43
1789499639.519 3.01 3.29 3.43
1789499641.520 2.93 3.27 3.42
1789499643.520 2.93 3.27 3.42
1789499645.521 2.93 3.27 3.42
1789499647.522 2.85 3.25 3.41
1789499649.522 2.85 3.25 3.41
1789499651.524 2.86 3.24 3.41
1789499653.524 2.86 3.24 3.41
1789499655.525 2.86 3.24 3.41
1789499657.530 2.71 3.21 3.39
1789499659.530 2.71 3.21 3.39
1789499661.530 2.66 3.19 3.39
1789499663.530 2.66 3.19 3.39
1789499665.531 2.66 3.19 3.39
1789499667.532 2.52 3.15 3.37
1789499669.532 2.52 3.15 3.37
1789499671.533 2.40 3.11 3.36
1789499673.533 2.40 3.11 3.36
1789499675.533 2.40 3.11 3.36
1789499677.536 2.29 3.08 3.34
1789499679.543 2.29 3.08 3.34
1789499681.545 2.51 3.11 3.35
1789499683.546 2.51 3.11 3.35
1789499685.551 2.51 3.11 3.35
1789499687.556 2.55 3.11 3.35
1789499689.556 2.55 3.11 3.35
1789499691.556 2.98 3.19 3.38
1789499693.556 2.98 3.19 3.38
1789499695.558 2.90 3.17 3.37
1789499697.563 2.90 3.17 3.37
1789499699.567 2.90 3.17 3.37
1789499701.568 2.83 3.15 3.36
1789499703.568 2.83 3.15 3.36
1789499705.568 3.08 3.20 3.38
1789499707.569 3.08 3.20 3.38
1789499709.569 3.08 3.20 3.38
1789499711.570 3.08 3.19 3.37
1789499713.573 3.08 3.19 3.37
1789499715.574 3.07 3.19 3.37
1789499717.576 3.07 3.19 3.37
1789499719.576 3.07 3.19 3.37
1789499721.576 2.98 3.17 3.36
1789499723.578 2.98 3.17 3.36
1789499725.579 2.91 3.15 3.35
1789499727.582 2.91 3.15 3.35
1789499729.582 2.91 3.15 3.35
1789499731.585 3.23 3.21 3.38
1789499733.587 3.23 3.21 3.38
1789499735.591 3.13 3.19 3.37
1789499737.594 3.13 3.19 3.37
1789499739.594 3.13 3.19 3.37
1789499741.594 2.96 3.16 3.35
1789499743.598 2.96 3.16 3.35
1789499745.598 3.13 3.19 3.36
1789499747.599 3.13 3.19 3.36
1789499749.600 3.13 3.19 3.36
1789499751.601 3.28 3.22 3.37
1789499753.603 3.28 3.22 3.37
1789499755.608 3.25 3.21 3.37
1789499757.610 3.25 3.21 3.37
1789499759.611 3.25 3.21 3.37
1789499761.611 3.15 3.19 3.36
1789499763.611 3.15 3.19 3.36
1789499765.616 3.14 3.19 3.36
1789499767.616 3.14 3.19 3.36
1789499769.616 3.14 3.19 3.36
1789499771.618 3.29 3.22 3.37
1789499773.618 3.29 3.22 3.37
1789499775.619 3.51 3.26 3.38
1789499777.619 3.51 3.26 3.38
1789499779.621 3.51 3.26 3.38
1789499781.621 3.31 3.23 3.37
1789499783.621 3.31 3.23 3.37
1789499785.621 3.12 3.19 3.35
1789499787.622 3.12 3.19 3.35
1789499789.624 3.12 3.19 3.35
1789499791.624 3.19 3.20 3.36
1789499793.626 3.19 3.20 3.36
1789499795.627 3.09 3.18 3.35
1789499797.627 3.09 3.18 3.35
1789499799.627 3.09 3.18 3.35
1789499801.632 3.17 3.19 3.35
1789499803.634 3.17 3.19 3.35
1789499805.640 3.79 3.32 3.40
1789499807.640 3.79 3.32 3.40
1789499809.642 3.79 3.32 3.40
1789499811.644 3.73 3.32 3.40
1789499813.644 3.73 3.32 3.40
1789499815.644 3.51 3.28 3.38
1789499817.649 3.51 3.28 3.38
1789499819.651 3.51 3.28 3.38
1789499821.651 3.39 3.26 3.37
1789499823.656 3.39 3.26 3.37
1789499825.657 3.28 3.24 3.36
1789499827.658 3.28 3.24 3.36
1789499829.658 3.28 3.24 3.36
1789499831.662 3.10 3.20 3.35
1789499833.662 3.10 3.20 3.35
1789499835.667 2.93 3.16 3.34
1789499837.669 2.93 3.16 3.34
1789499839.672 2.93 3.16 3.34
1789499841.677 2.93 3.16 3.33
1789499843.679 2.93 3.16 3.33
1789499845.684 2.86 3.14 3.33
1789499847.686 2.86 3.14 3.33
1789499849.686 2.86 3.14 3.33
1789499851.688 2.79 3.12 3.32
1789499853.688 2.79 3.12 3.32
1789499855.688 3.61 3.29 3.37
1789499857.690 3.61 3.29 3.37
1789499859.691 3.61 3.29 3.37
1789499861.694 3.56 3.28 3.37
1789499863.699 3.56 3.28 3.37
1789499865.699 3.35 3.24 3.36
1789499867.702 3.35 3.24 3.36
1789499869.702 3.35 3.24 3.36
1789499871.706 3.48 3.27 3.37
1789499873.706 3.48 3.27 3.37
1789499875.711 3.61 3.30 3.38
1789499877.712 3.61 3.30 3.38
1789499879.713 3.61 3.30 3.38
1789499881.714 3.72 3.33 3.39
1789499883.714 3.72 3.33 3.39
1789499885.715 3.82 3.35 3.39
1789499887.715 3.82 3.35 3.39
1789499889.716 3.82 3.35 3.39
1789499891.717 4.71 3.55 3.46
1789499893.721 4.71 3.55 3.46
1789499895.721 4.66 3.55 3.47
1789499897.726 4.66 3.55 3.47
1789499899.727 4.66 3.55 3.47
1789499901.731 4.84 3.61 3.49
1789499903.734 4.84 3.61 3.49
1789499905.738 4.78 3.62 3.49
1789499907.739 4.78 3.62 3.49
1789499909.741 4.78 3.62 3.49
1789499911.741 4.55 3.59 3.48
1789499913.742 4.55 3.59 3.48
1789499915.743 4.27 3.55 3.47
1789499917.744 4.27 3.55 3.47
1789499919.746 4.27 3.55 3.47
1789499921.746 4.25 3.55 3.47
1789499923.748 4.25 3.55 3.47
1789499925.748 4.31 3.58 3.48
1789499927.751 4.31 3.58 3.48
1789499929.752 4.31 3.58 3.48
1789499931.756 4.28 3.59 3.48
1789499933.759 4.28 3.59 3.48
1789499935.762 4.10 3.56 3.47
1789499937.762 4.10 3.56 3.47
1789499939.763 4.10 3.56 3.47
1789499941.766 3.93 3.53 3.46
1789499943.766 3.93 3.53 3.46
1789499945.766 3.78 3.51 3.45
1789499947.767 3.78 3.51 3.45
1789499949.767 3.78 3.51 3.45
1789499951.767 3.79 3.51 3.46
1789499953.773 3.79 3.51 3.46
1789499955.775 3.89 3.54 3.47
1789499957.775 3.89 3.54 3.47
1789499959.776 3.89 3.54 3.47
1789499961.776 4.62 3.70 3.52
1789499963.776 4.62 3.70 3.52
1789499965.781 5.13 3.82 3.56
1789499967.782 5.13 3.82 3.56
1789499969.784 5.13 3.82 3.56
1789499971.785 4.88 3.79 3.56
1789499973.786 4.88 3.79 3.56
1789499975.786 4.65 3.76 3.55
1789499977.786 4.65 3.76 3.55
1789499979.790 4.65 3.76 3.55
1789499981.790 4.44 3.73 3.54
1789499983.793 4.44 3.73 3.54
1789499985.793 4.80 3.81 3.57
1789499987.798 4.80 3.81 3.57
1789499989.798 4.80 3.81 3.57
1789499991.800 4.50 3.77 3.55
1789499993.802 4.50 3.77 3.55
1789499995.807 4.30 3.74 3.54
1789499997.812 4.30 3.74 3.54
1789499999.813 4.30 3.74 3.54
1789500001.815 4.11 3.71 3.53
1789500003.820 4.11 3.71 3.53
1789500005.820 4.10 3.71 3.54
1789500007.824 4.10 3.71 3.54
1789500009.829 4.10 3.71 3.54
1789500011.831 4.01 3.70 3.53
1789500013.831 4.01 3.70 3.53
1789500015.831 4.09 3.72 3.54
1789500017.834 4.09 3.72 3.54
1789500019.834 4.09 3.72 3.54
1789500021.839 3.85 3.68 3.53
1789500023.842 3.85 3.68 3.53
1789500025.846 3.78 3.67 3.52
1789500027.846 3.78 3.67 3.52
1789500029.846 3.78 3.67 3.52
1789500031.851 3.63 3.64 3.51
1789500033.852 3.63 3.64 3.51
1789500035.855 3.50 3.61 3.50
1789500037.857 3.50 3.61 3.50
1789500039.857 3.50 3.61 3.50
1789500041.860 3.54 3.62 3.51
1789500043.860 3.54 3.62 3.51
1789500045.860 3.58 3.62 3.51
1789500047.862 3.58 3.62 3.51
1789500049.866 3.58 3.62 3.51
1789500051.868 3.69 3.65 3.52
1789500053.869 3.69 3.65 3.52
1789500055.869 3.72 3.65 3.52
1789500057.870 3.72 3.65 3.52
1789500059.870 3.72 3.65 3.52
1789500061.870 3.58 3.62 3.51
1789500063.870 3.58 3.62 3.51
1789500065.871 3.37 3.58 3.50
1789500067.871 3.37 3.58 3.50
1789500069.872 3.37 3.58 3.50
1789500071.873 3.18 3.54 3.48
1789500073.873 3.18 3.54 3.48
1789500075.875 3.01 3.49 3.47
1789500077.875 3.01 3.49 3.47
1789500079.876 3.01 3.49 3.47
1789500081.876 3.09 3.50 3.47
1789500083.878 3.09 3.50 3.47
1789500085.879 3.08 3.49 3.47
1789500087.879 3.08 3.49 3.47
1789500089.879 3.08 3.49 3.47
1789500091.880 2.99 3.47 3.46
1789500093.880 2.99 3.47 3.46
1789500095.882 2.91 3.44 3.45
1789500097.882 2.91 3.44 3.45
1789500099.887 2.91 3.44 3.45
1789500101.892 3.64 3.59 3.50
1789500103.892 3.64 3.59 3.50
1789500105.893 3.99 3.66 3.53
1789500107.893 3.99 3.66 3.53
1789500109.895 3.99 3.66 3.53
1789500111.898 4.63 3.80 3.57
1789500113.902 4.63 3.80 3.57
1789500115.902 4.50 3.78 3.57
1789500117.905 4.50 3.78 3.57
1789500119.910 4.50 3.78 3.57
1789500121.912 4.22 3.74 3.56
1789500123.913 4.22 3.74 3.56
1789500125.917 4.12 3.72 3.55
1789500127.922 4.12 3.72 3.55
1789500129.923 4.12 3.72 3.55
1789500131.924 3.95 3.70 3.54
1789500133.927 3.95 3.70 3.54
1789500135.927 3.71 3.65 3.53
1789500137.928 3.71 3.65 3.53
1789500139.928 3.71 3.65 3.53
1789500141.932 3.66 3.64 3.52
1789500143.932 3.66 3.64 3.52
1789500145.932 3.68 3.65 3.53
1789500147.935 3.68 3.65 3.53
1789500149.940 3.68 3.65 3.53
1789500151.945 3.55 3.62 3.52
1789500153.947 3.55 3.62 3.52
1789500155.952 3.42 3.59 3.51
1789500157.954 3.42 3.59 3.51
1789500159.954 3.42 3.59 3.51
1789500161.954 3.31 3.56 3.50
1789500163.955 3.31 3.56 3.50
1789500165.960 3.93 3.69 3.54
1789500167.964 3.93 3.69 3.54
1789500169.964 3.93 3.69 3.54
1789500171.969 3.69 3.64 3.53
1789500173.969 3.69 3.64 3.53
1789500175.970 3.56 3.61 3.52
1789500177.973 3.56 3.61 3.52
1789500179.974 3.56 3.61 3.52
1789500181.974 3.43 3.59 3.51
1789500183.975 3.43 3.59 3.51
1789500185.975 3.48 3.59 3.51
1789500187.975 3.48 3.59 3.51
1789500189.976 3.48 3.59 3.51
1789500191.977 3.36 3.57 3.50
1789500193.978 3.36 3.57 3.50
1789500195.978 3.25 3.54 3.49
1789500197.980 3.25 3.54 3.49
1789500199.985 3.25 3.54 3.49
1789500201.990 3.39 3.57 3.50
1789500203.991 3.39 3.57 3.50
1789500205.995 3.60 3.61 3.52
1789500207.996 3.60 3.61 3.52
1789500209.996 3.60 3.61 3.52
1789500212.001 3.79 3.65 3.53
1789500214.001 3.79 3.65 3.53
1789500216.003 3.73 3.63 3.53
1789500218.004 3.73 3.63 3.53
1789500220.008 3.73 3.63 3.53
1789500222.009 3.75 3.64 3.53
1789500224.009 3.75 3.64 3.53
1789500226.009 3.69 3.63 3.53
1789500228.010 3.69 3.63 3.53
1789500230.010 3.69 3.63 3.53
1789500232.011 3.55 3.60 3.52
1789500234.014 3.55 3.60 3.52
1789500236.014 3.43 3.58 3.51
1789500238.017 3.43 3.58 3.51
1789500240.022 3.43 3.58 3.51
1789500242.027 3.31 3.55 3.50
1789500244.030 3.31 3.55 3.50
1789500246.031 3.37 3.56 3.50
1789500248.035 3.37 3.56 3.50
1789500250.036 3.37 3.56 3.50
1789500252.036 3.58 3.60 3.52
1789500254.037 3.58 3.60 3.52
1789500256.042 3.53 3.59 3.51
1789500258.042 3.53 3.59 3.51
1789500260.043 3.53 3.59 3.51
1789500262.043 3.41 3.56 3.50
1789500264.044 3.41 3.56 3.50
1789500266.044 3.22 3.52 3.49
1789500268.044 3.22 3.52 3.49
1789500270.047 3.22 3.52 3.49
1789500272.052 3.12 3.49 3.48
1789500274.054 3.12 3.49 3.48
1789500276.055 3.03 3.47 3.47
1789500278.057 3.03 3.47 3.47
1789500280.060 3.03 3.47 3.47
1789500282.060 3.03 3.46 3.47
1789500284.061 3.03 3.46 3.47
1789500286.061 3.26 3.50 3.48
1789500288.063 3.26 3.50 3.48
1789500290.068 3.26 3.50 3.48
1789500292.069 3.16 3.48 3.47
1789500294.073 3.16 3.48 3.47
1789500296.073 2.99 3.43 3.46
1789500298.075 2.99 3.43 3.46
1789500300.080 2.99 3.43 3.46
1789500302.080 3.15 3.46 3.47
1789500304.082 3.15 3.46 3.47
1789500306.086 3.06 3.44 3.46
1789500308.086 3.06 3.44 3.46
1789500310.087 3.06 3.44 3.46
1789500312.090 3.77 3.58 3.51
1789500314.090 3.77 3.58 3.51
1789500316.091 3.71 3.57 3.50
1789500318.093 3.71 3.57 3.50
1789500320.093 3.71 3.57 3.50
1789500322.099 3.49 3.52 3.49
1789500324.099 3.49 3.52 3.49
1789500326.099 3.45 3.52 3.49
1789500328.103 3.45 3.52 3.49
1789500330.103 3.45 3.52 3.49
1789500332.104 3.42 3.51 3.48
1789500334.105 3.42 3.51 3.48
1789500336.105 3.30 3.48 3.48
1789500338.108 3.30 3.48 3.48
1789500340.109 3.30 3.48 3.48
1789500342.110 3.28 3.47 3.47
1789500344.110 3.28 3.47 3.47
1789500346.114 3.26 3.47 3.47
1789500348.114 3.26 3.47 3.47
1789500350.114 3.26 3.47 3.47
1789500352.115 3.48 3.51 3.48
1789500354.115 3.48 3.51 3.48
1789500356.118 3.76 3.56 3.50
1789500358.118 3.76 3.56 3.50
1789500360.123 3.76 3.56 3.50
1789500362.131 4.66 3.75 3.57
1789500364.131 4.66 3.75 3.57
1789500366.135 4.85 3.81 3.59
1789500368.139 4.85 3.81 3.59
1789500370.139 4.85 3.81 3.59
1789500372.139 4.70 3.79 3.59
1789500374.143 4.70 3.79 3.59
1789500376.143 4.40 3.75 3.57
1789500378.143 4.40 3.75 3.57
1789500380.144 4.40 3.75 3.57
1789500382.148 4.21 3.72 3.56
1789500384.159 4.21 3.72 3.56
1789500386.164 4.03 3.69 3.55
1789500388.165 4.03 3.69 3.55
1789500390.170 4.03 3.69 3.55
1789500392.177 4.83 3.86 3.61
1789500394.178 4.83 3.86 3.61
1789500396.179 4.52 3.81 3.60
1789500398.180 4.52 3.81 3.60
1789500400.185 4.52 3.81 3.60
1789500402.185 4.48 3.82 3.60
1789500404.187 4.48 3.82 3.60
1789500406.187 4.28 3.79 3.59
1789500408.188 4.28 3.79 3.59
1789500410.188 4.28 3.79 3.59
1789500412.188 4.42 3.82 3.60
1789500414.188 4.42 3.82 3.60
1789500416.191 4.15 3.77 3.59
1789500418.201 4.15 3.77 3.59
1789500420.206 4.15 3.77 3.59
1789500422.206 3.97 3.75 3.58
1789500424.216 3.97 3.75 3.58
1789500426.223 3.81 3.72 3.57
1789500428.223 3.81 3.72 3.57
1789500430.234 3.81 3.72 3.57
1789500432.240 3.83 3.72 3.57
1789500434.243 3.83 3.72 3.57
1789500436.247 3.68 3.69 3.56
1789500438.252 3.68 3.69 3.56
1789500440.252 3.68 3.69 3.56
1789500442.252 4.27 3.81 3.61
1789500444.265 4.27 3.81 3.61
1789500446.265 4.33 3.83 3.61
1789500448.265 4.33 3.83 3.61
1789500450.267 4.33 3.83 3.61
1789500452.283 4.22 3.82 3.61
1789500454.283 4.22 3.82 3.61
1789500456.284 4.28 3.84 3.62
1789500458.291 4.28 3.84 3.62
1789500460.296 4.28 3.84 3.62
1789500462.297 4.26 3.84 3.62
1789500464.312 4.26 3.84 3.62
1789500466.313 4.16 3.83 3.62
1789500468.313 4.16 3.83 3.62
1789500470.316 4.16 3.83 3.62
1789500472.316 4.07 3.81 3.61
1789500474.317 4.07 3.81 3.61
1789500476.322 5.10 4.03 3.69
1789500478.326 5.10 4.03 3.69
1789500480.326 5.10 4.03 3.69
1789500482.326 5.81 4.20 3.75
1789500484.328 5.81 4.20 3.75
1789500486.333 5.75 4.21 3.76
1789500488.340 5.75 4.21 3.76
1789500490.342 5.75 4.21 3.76
1789500492.344 5.45 4.17 3.75
1789500494.345 5.45 4.17 3.75
1789500496.345 5.17 4.14 3.74
1789500498.348 5.17 4.14 3.74
1789500500.351 5.17 4.14 3.74
1789500502.351 4.84 4.08 3.72
1789500504.354 4.84 4.08 3.72
1789500506.354 4.77 4.08 3.72
1789500508.356 4.77 4.08 3.72
1789500510.356 4.77 4.08 3.72
1789500512.361 5.67 4.28 3.79
1789500514.361 5.67 4.28 3.79
1789500516.364 5.85 4.34 3.82
1789500518.364 5.85 4.34 3.82
1789500520.369 5.85 4.34 3.82
1789500522.376 5.63 4.32 3.81
1789500524.381 5.63 4.32 3.81
1789500526.381 6.38 4.50 3.88
1789500528.383 6.38 4.50 3.88
1789500530.388 6.38 4.50 3.88
1789500532.389 6.91 4.64 3.93
1789500534.391 6.91 4.64 3.93
1789500536.394 7.79 4.86 4.01
1789500538.399 7.79 4.86 4.01
1789500540.399 7.79 4.86 4.01
1789500542.404 7.33 4.81 4.00
1789500544.411 7.33 4.81 4.00
1789500546.416 6.90 4.76 3.99
1789500548.417 6.90 4.76 3.99
1789500550.422 6.90 4.76 3.99
1789500552.423 7.39 4.90 4.04
1789500554.425 7.39 4.90 4.04
1789500556.430 6.96 4.85 4.03
1789500558.435 6.96 4.85 4.03
1789500560.436 6.96 4.85 4.03
1789500562.440 7.44 4.99 4.08
1789500564.452 7.44 4.99 4.08
1789500566.457 7.09 4.95 4.08
1789500568.463 7.09 4.95 4.08
1789500570.468 7.09 4.95 4.08
1789500572.469 6.68 4.90 4.06
1789500574.474 6.68 4.90 4.06
1789500576.476 7.83 5.17 4.16
1789500578.485 7.83 5.17 4.16
1789500580.486 7.83 5.17 4.16
1789500582.487 7.28 5.10 4.14
1789500584.489 7.28 5.10 4.14
1789500586.494 7.02 5.08 4.14
1789500588.502 7.02 5.08 4.14
1789500590.502 7.02 5.08 4.14
1789500592.507 7.41 5.20 4.19
1789500594.520 7.41 5.20 4.19
1789500596.522 8.02 5.36 4.25
1789500598.527 8.02 5.36 4.25
1789500600.538 8.02 5.36 4.25
1789500602.546 7.62 5.32 4.24
1789500604.551 7.62 5.32 4.24
1789500606.566 7.33 5.30 4.24
1789500608.571 7.33 5.30 4.24
1789500610.575 7.33 5.30 4.24
1789500612.580 6.98 5.26 4.24
1789500614.581 6.98 5.26 4.24
1789500616.582 6.82 5.26 4.24
1789500618.587 6.82 5.26 4.24
1789500620.592 6.82 5.26 4.24
1789500622.593 6.44 5.20 4.23
1789500624.593 6.44 5.20 4.23
1789500626.596 6.16 5.17 4.22
1789500628.602 6.16 5.17 4.22
1789500630.612 6.16 5.17 4.22
1789500632.612 6.95 5.35 4.29
1789500634.617 6.95 5.35 4.29
1789500636.618 7.67 5.52 4.36
1789500638.620 7.67 5.52 4.36
1789500640.625 7.67 5.52 4.36
1789500642.625 8.42 5.71 4.43
1789500644.631 8.42 5.71 4.43
1789500646.631 8.39 5.75 4.45
1789500648.636 8.39 5.75 4.45
1789500650.637 8.39 5.75 4.45
1789500652.640 7.87 5.69 4.44
1789500654.640 7.87 5.69 4.44
1789500656.641 8.36 5.83 4.49
1789500658.641 8.36 5.83 4.49
1789500660.641 8.36 5.83 4.49
1789500662.646 7.77 5.75 4.47
1789500664.654 7.77 5.75 4.47
1789500666.659 7.31 5.68 4.46
1789500668.664 7.31 5.68 4.46
1789500670.666 7.31 5.68 4.46
1789500672.670 6.97 5.64 4.45
1789500674.672 6.97 5.64 4.45
1789500676.677 6.57 5.58 4.43
1789500678.682 6.57 5.58 4.43
1789500680.683 6.57 5.58 4.43
1789500682.683 6.36 5.55 4.43
1789500684.688 6.36 5.55 4.43
1789500686.689 6.89 5.67 4.48
1789500688.694 6.89 5.67 4.48
1789500690.699 6.89 5.67 4.48
1789500692.699 7.46 5.81 4.54
1789500694.704 7.46 5.81 4.54
1789500696.710 7.10 5.77 4.53
1789500698.710 7.10 5.77 4.53
1789500700.715 7.10 5.77 4.53
1789500702.715 6.86 5.74 4.52
1789500704.724 6.86 5.74 4.52
1789500706.728 6.55 5.69 4.51
1789500708.739 6.55 5.69 4.51
1789500710.743 6.55 5.69 4.51
1789500712.748 6.98 5.79 4.56
1789500714.754 6.98 5.79 4.56
1789500716.757 6.66 5.75 4.55
1789500718.759 6.66 5.75 4.55
1789500720.760 6.66 5.75 4.55
1789500722.760 6.37 5.70 4.54
1789500724.761 6.37 5.70 4.54
1789500726.766 6.02 5.64 4.52
1789500728.767 6.02 5.64 4.52
1789500730.768 6.02 5.64 4.52
1789500732.773 5.70 5.58 4.51
1789500734.780 5.70 5.58 4.51
1789500736.785 5.48 5.54 4.50
1789500738.790 5.48 5.54 4.50
1789500740.790 5.48 5.54 4.50
1789500742.795 5.20 5.48 4.48
1789500744.800 5.20 5.48 4.48
1789500746.801 5.19 5.47 4.49
1789500748.803 5.19 5.47 4.49
1789500750.809 5.19 5.47 4.49
1789500752.814 6.37 5.71 4.58
1789500754.819 6.37 5.71 4.58
1789500756.819 6.34 5.71 4.59
1789500758.820 6.34 5.71 4.59
1789500760.820 6.34 5.71 4.59
1789500762.820 5.91 5.64 4.56
1789500764.826 5.91 5.64 4.56
1789500766.827 5.52 5.56 4.54
1789500768.827 5.52 5.56 4.54
1789500770.837 5.52 5.56 4.54
1789500772.842 5.48 5.55 4.55
1789500774.848 5.48 5.55 4.55
1789500776.848 5.20 5.49 4.53
1789500778.850 5.20 5.49 4.53
1789500780.854 5.20 5.49 4.53
1789500782.855 4.94 5.43 4.52
1789500784.856 4.94 5.43 4.52
1789500786.861 4.71 5.38 4.50
1789500788.866 4.71 5.38 4.50
1789500790.871 4.71 5.38 4.50
1789500792.876 4.41 5.30 4.48
1789500794.877 4.41 5.30 4.48
1789500796.879 4.22 5.25 4.47
1789500798.882 4.22 5.25 4.47
1789500800.887 4.22 5.25 4.47
1789500802.892 4.04 5.19 4.45
1789500804.892 4.04 5.19 4.45
1789500806.894 3.96 5.16 4.44
1789500808.899 3.96 5.16 4.44
1789500810.902 3.96 5.16 4.44
1789500812.903 3.80 5.10 4.43
1789500814.908 3.80 5.10 4.43
1789500816.913 3.57 5.04 4.41
1789500818.918 3.57 5.04 4.41
1789500820.920 3.57 5.04 4.41
1789500822.925 3.29 4.95 4.38
1789500824.930 3.29 4.95 4.38
1789500826.937 3.10 4.89 4.36
1789500828.946 3.10 4.89 4.36
1789500830.947 3.10 4.89 4.36
1789500832.953 2.85 4.80 4.33
1789500834.953 2.85 4.80 4.33
1789500836.964 2.79 4.76 4.32
1789500838.966 2.79 4.76 4.32
1789500840.970 2.79 4.76 4.32
1789500842.970 2.64 4.69 4.30
1789500844.976 2.64 4.69 4.30
1789500846.986 2.59 4.65 4.29
1789500848.995 2.59 4.65 4.29
1789500851.001 2.59 4.65 4.29
1789500853.010 2.78 4.65 4.29
1789500855.018 2.78 4.65 4.29
1789500857.027 2.56 4.58 4.27
1789500859.036 2.56 4.58 4.27
1789500861.043 2.56 4.58 4.27
1789500863.047 2.44 4.52 4.25
1789500865.049 2.44 4.52 4.25
1789500867.056 2.32 4.46 4.23
1789500869.057 2.32 4.46 4.23
1789500871.061 2.32 4.46 4.23
1789500873.071 2.21 4.40 4.21
1789500875.071 2.21 4.40 4.21
1789500877.076 2.12 4.34 4.19
1789500879.078 2.12 4.34 4.19
1789500881.084 2.12 4.34 4.19
1789500883.085 2.27 4.34 4.19
1789500885.091 2.27 4.34 4.19
1789500887.093 2.25 4.30 4.17
1789500889.093 2.25 4.30 4.17
1789500891.100 2.25 4.30 4.17
1789500893.103 2.23 4.26 4.16
1789500895.105 2.23 4.26 4.16
1789500897.106 2.29 4.24 4.15
1789500899.106 2.29 4.24 4.15
1789500901.107 2.29 4.24 4.15
1789500903.107 2.18 4.19 4.14
1789500905.107 2.18 4.19 4.14
1789500907.110 2.17 4.15 4.12
1789500909.117 2.17 4.15 4.12
1789500911.121 2.17 4.15 4.12
1789500913.121 2.24 4.13 4.12
1789500915.122 2.24 4.13 4.12
1789500917.122 2.22 4.09 4.10
1789500919.127 2.22 4.09 4.10
1789500921.137 2.22 4.09 4.10
1789500923.137 2.20 4.06 4.09
1789500925.138 2.20 4.06 4.09
1789500927.138 2.26 4.04 4.08
1789500929.138 2.26 4.04 4.08
1789500931.139 2.26 4.04 4.08
1789500933.139 2.16 3.99 4.07
1789500935.139 2.16 3.99 4.07
1789500937.140 2.07 3.94 4.05
1789500939.145 2.07 3.94 4.05
1789500941.146 2.07 3.94 4.05
1789500943.146 1.98 3.89 4.03
1789500945.149 1.98 3.89 4.03
1789500947.149 1.98 3.86 4.02
1789500949.150 1.98 3.86 4.02
1789500951.151 1.98 3.86 4.02
1789500953.151 2.06 3.85 4.01
1789500955.152 2.06 3.85 4.01
1789500957.152 2.06 3.81 4.00
1789500959.152 2.06 3.81 4.00
1789500961.152 2.06 3.81 4.00
1789500963.154 2.13 3.80 3.99
1789500965.157 2.13 3.80 3.99
1789500967.160 2.20 3.79 3.99
1789500969.161 2.20 3.79 3.99
1789500971.162 2.20 3.79 3.99
1789500973.164 2.35 3.79 3.99
1789500975.165 2.35 3.79 3.99
1789500977.165 2.32 3.76 3.98
1789500979.165 2.32 3.76 3.98
1789500981.165 2.32 3.76 3.98
1789500983.169 3.01 3.88 4.02
1789500985.170 3.01 3.88 4.02
1789500987.172 3.09 3.88 4.02
1789500989.174 3.09 3.88 4.02
1789500991.174 3.09 3.88 4.02
1789500993.174 2.92 3.83 4.00
1789500995.176 2.92 3.83 4.00
1789500997.177 2.77 3.79 3.98
1789500999.177 2.77 3.79 3.98
1789501001.177 2.77 3.79 3.98
1789501003.178 2.71 3.76 3.97
1789501005.186 2.71 3.76 3.97
1789501007.195 2.73 3.74 3.96
1789501009.197 2.73 3.74 3.96
1789501011.204 2.75 3.73 3.96
1789501013.207 2.75 3.73 3.96
1789501015.211 2.75 3.73 3.96
1789501017.221 2.77 3.72 3.95
1789501019.221 2.77 3.72 3.95
1789501021.221 2.87 3.72 3.95
1789501023.223 2.87 3.72 3.95
1789501025.224 2.87 3.72 3.95
1789501027.227 2.88 3.71 3.95
1789501029.227 2.88 3.71 3.95
1789501031.232 2.81 3.68 3.93
1789501033.233 2.81 3.68 3.93
1789501035.243 2.81 3.68 3.93
1789501037.249 2.90 3.69 3.93
1789501039.249 2.90 3.69 3.93
1789501041.253 3.63 3.83 3.98
1789501043.253 3.63 3.83 3.98
1789501045.255 3.63 3.83 3.98
1789501047.261 3.50 3.79 3.97
1789501049.261 3.50 3.79 3.97
1789501051.263 3.38 3.76 3.96
1789501053.263 3.38 3.76 3.96
1789501055.264 3.38 3.76 3.96
1789501057.264 3.35 3.75 3.95
1789501059.265 3.35 3.75 3.95
1789501061.266 3.24 3.72 3.94
1789501063.267 3.24 3.72 3.94
1789501065.273 3.24 3.72 3.94
1789501067.273 3.22 3.71 3.93
1789501069.274 3.22 3.71 3.93
1789501071.275 3.20 3.70 3.93
1789501073.275 3.20 3.70 3.93
1789501075.276 3.20 3.70 3.93
1789501077.281 3.11 3.67 3.92
1789501079.282 3.11 3.67 3.92
1789501081.282 3.18 3.68 3.92
1789501083.287 3.18 3.68 3.92
1789501085.292 3.18 3.68 3.92
1789501087.294 3.08 3.65 3.91
1789501089.297 3.08 3.65 3.91
1789501091.307 3.16 3.65 3.91
1789501093.317 3.16 3.65 3.91
1789501095.317 3.16 3.65 3.91
1789501097.318 3.06 3.62 3.89
1789501099.318 3.06 3.62 3.89
1789501101.318 3.78 3.76 3.94
1789501103.322 3.78 3.76 3.94
1789501105.324 3.78 3.76 3.94
1789501107.324 3.72 3.75 3.94
1789501109.324 3.72 3.75 3.94
1789501111.325 3.66 3.74 3.93
1789501113.330 3.66 3.74 3.93
1789501115.330 3.66 3.74 3.93
1789501117.330 3.61 3.73 3.92
1789501119.332 3.61 3.73 3.92
1789501121.333 3.56 3.71 3.92
1789501123.333 3.56 3.71 3.92
1789501125.333 3.56 3.71 3.92
1789501127.333 3.43 3.68 3.91
1789501129.333 3.43 3.68 3.91
1789501131.334 3.24 3.64 3.89
1789501133.335 3.24 3.64 3.89
1789501135.335 3.24 3.64 3.89
1789501137.342 3.30 3.65 3.89
1789501139.348 3.30 3.65 3.89
1789501141.348 3.75 3.73 3.92
1789501143.358 3.75 3.73 3.92
1789501145.358 3.75 3.73 3.92
1789501147.358 3.61 3.71 3.91
1789501149.359 3.61 3.71 3.91
1789501151.360 3.65 3.71 3.91
1789501153.370 3.65 3.71 3.91
1789501155.371 3.65 3.71 3.91
1789501157.372 3.43 3.67 3.89
1789501159.373 3.43 3.67 3.89
1789501161.374 3.32 3.64 3.88
1789501163.374 3.32 3.64 3.88
1789501165.379 3.32 3.64 3.88
1789501167.381 3.37 3.64 3.88
1789501169.381 3.37 3.64 3.88
1789501171.383 3.18 3.60 3.86
1789501173.384 3.18 3.60 3.86
1789501175.387 3.18 3.60 3.86
1789501177.387 3.09 3.57 3.85
1789501179.393 3.09 3.57 3.85
1789501181.403 3.00 3.55 3.84
1789501183.403 3.00 3.55 3.84
1789501185.403 3.00 3.55 3.84
1789501187.408 3.08 3.55 3.84
1789501189.408 3.08 3.55 3.84
1789501191.408 2.91 3.51 3.82
1789501193.409 2.91 3.51 3.82
1789501195.409 2.91 3.51 3.82
1789501197.411 2.92 3.50 3.82
1789501199.419 2.92 3.50 3.82
1789501201.419 2.85 3.48 3.81
1789501203.419 2.85 3.48 3.81
1789501205.420 2.85 3.48 3.81
1789501207.430 2.78 3.45 3.80
1789501209.436 2.78 3.45 3.80
1789501211.436 2.72 3.43 3.79
1789501213.438 2.72 3.43 3.79
1789501215.439 2.72 3.43 3.79
1789501217.441 2.90 3.45 3.79
1789501219.446 2.90 3.45 3.79
1789501221.448 2.83 3.43 3.78
1789501223.458 2.83 3.43 3.78
1789501225.458 2.83 3.43 3.78
1789501227.459 2.68 3.39 3.77
1789501229.469 2.68 3.39 3.77
1789501231.469 2.78 3.40 3.77
1789501233.474 2.78 3.40 3.77
1789501235.479 2.78 3.40 3.77
1789501237.488 2.88 3.41 3.77
1789501239.488 2.88 3.41 3.77
1789501241.489 2.89 3.40 3.76
1789501243.499 2.89 3.40 3.76
1789501245.502 2.89 3.40 3.76
1789501247.507 2.98 3.41 3.77
1789501249.510 2.98 3.41 3.77
1789501251.511 3.22 3.45 3.78
1789501253.514 3.22 3.45 3.78
1789501255.514 3.22 3.45 3.78
1789501257.514 3.12 3.43 3.77
1789501259.521 3.12 3.43 3.77
1789501261.522 3.03 3.41 3.76
1789501263.525 3.03 3.41 3.76
1789501265.528 3.03 3.41 3.76
1789501267.529 3.03 3.40 3.75
1789501269.531 3.03 3.40 3.75
1789501271.533 3.03 3.39 3.75
1789501273.543 3.03 3.39 3.75
1789501275.544 3.03 3.39 3.75
1789501277.548 3.02 3.38 3.74
1789501279.550 3.02 3.38 3.74
1789501281.550 3.02 3.38 3.74
1789501283.550 3.02 3.38 3.74
1789501285.559 3.02 3.38 3.74
1789501287.560 3.02 3.37 3.73
1789501289.566 3.02 3.37 3.73
1789501291.571 3.02 3.37 3.73
1789501293.575 3.02 3.37 3.73
1789501295.576 3.02 3.37 3.73
1789501297.577 3.10 3.38 3.73
1789501299.579 3.10 3.38 3.73
1789501301.580 3.01 3.35 3.72
1789501303.584 3.01 3.35 3.72
1789501305.584 3.01 3.35 3.72
1789501307.585 3.01 3.35 3.72
1789501309.591 3.01 3.35 3.72
1789501311.592 2.93 3.32 3.71
1789501313.592 2.93 3.32 3.71
1789501315.599 2.93 3.32 3.71
1789501317.599 3.01 3.33 3.71
1789501319.607 3.01 3.33 3.71
1789501321.614 2.93 3.31 3.70
1789501323.618 2.93 3.31 3.70
1789501325.618 2.93 3.31 3.70
1789501327.624 2.94 3.31 3.69
1789501329.628 2.94 3.31 3.69
1789501331.628 3.74 3.47 3.75
1789501333.629 3.74 3.47 3.75
1789501335.629 3.74 3.47 3.75
1789501337.632 3.60 3.44 3.74
1789501339.632 3.60 3.44 3.74
1789501341.634 3.47 3.42 3.73
1789501343.635 3.47 3.42 3.73
1789501345.635 3.47 3.42 3.73
1789501347.636 3.60 3.44 3.73
1789501349.636 3.60 3.44 3.73
1789501351.637 3.47 3.42 3.72
1789501353.638 3.47 3.42 3.72
1789501355.638 3.47 3.42 3.72
1789501357.639 4.23 3.58 3.78
1789501359.640 4.23 3.58 3.78
1789501361.641 4.13 3.57 3.77
1789501363.648 4.13 3.57 3.77
1789501365.648 4.13 3.57 3.77
1789501367.651 4.12 3.58 3.77
1789501369.651 4.12 3.58 3.77
1789501371.654 4.19 3.60 3.78
1789501373.656 4.19 3.60 3.78
1789501375.657 4.19 3.60 3.78
1789501377.666 4.18 3.61 3.78
1789501379.666 4.18 3.61 3.78
1789501381.671 4.72 3.73 3.82
1789501383.681 4.72 3.73 3.82
1789501385.689 4.72 3.73 3.82
1789501387.689 4.66 3.73 3.82
1789501389.689 4.66 3.73 3.82
1789501391.691 4.53 3.72 3.82
1789501393.694 4.53 3.72 3.82
1789501395.697 4.53 3.72 3.82
1789501397.700 4.33 3.69 3.81
1789501399.702 4.33 3.69 3.81
1789501401.712 4.22 3.68 3.80
1789501403.713 4.22 3.68 3.80
1789501405.713 4.22 3.68 3.80
1789501407.724 4.04 3.65 3.79
1789501409.724 4.04 3.65 3.79
1789501411.724 4.52 3.76 3.83
1789501413.724 4.52 3.76 3.83
1789501415.730 4.52 3.76 3.83
1789501417.738 4.40 3.74 3.82
1789501419.741 4.40 3.74 3.82
1789501421.750 4.37 3.75 3.83
1789501423.751 4.37 3.75 3.83
1789501425.751 4.37 3.75 3.83
1789501427.757 4.34 3.75 3.83
1789501429.764 4.34 3.75 3.83
1789501431.766 4.15 3.72 3.82
1789501433.773 4.15 3.72 3.82
1789501435.773 4.15 3.72 3.82
1789501437.776 4.06 3.71 3.81
1789501439.777 4.06 3.71 3.81
1789501441.780 3.89 3.68 3.80
1789501443.784 3.89 3.68 3.80
1789501445.789 3.89 3.68 3.80
1789501447.795 3.90 3.69 3.80
1789501449.797 3.90 3.69 3.80
1789501451.801 3.67 3.64 3.78
1789501453.803 3.67 3.64 3.78
1789501455.805 3.67 3.64 3.78
1789501457.816 3.69 3.65 3.79
1789501459.826 3.69 3.65 3.79
1789501461.827 3.64 3.64 3.78
1789501463.832 3.64 3.64 3.78
1789501465.838 3.64 3.64 3.78
1789501467.839 3.51 3.61 3.77
1789501469.843 3.51 3.61 3.77
1789501471.845 3.31 3.57 3.75
1789501473.855 3.31 3.57 3.75
1789501475.864 3.31 3.57 3.75
1789501477.865 3.44 3.59 3.76
1789501479.866 3.44 3.59 3.76
1789501481.870 4.21 3.74 3.81
1789501483.872 4.21 3.74 3.81
1789501485.875 4.21 3.74 3.81
1789501487.876 4.03 3.72 3.80
1789501489.877 4.03 3.72 3.80
1789501491.885 3.95 3.70 3.80
1789501493.888 3.95 3.70 3.80
1789501495.898 3.95 3.70 3.80
1789501497.902 3.95 3.71 3.80
1789501499.902 3.95 3.71 3.80
1789501501.902 3.79 3.68 3.79
1789501503.903 3.79 3.68 3.79
1789501505.906 3.79 3.68 3.79
1789501507.911 3.73 3.67 3.78
1789501509.913 3.73 3.67 3.78
1789501511.918 4.15 3.76 3.81
1789501513.918 4.15 3.76 3.81
1789501515.918 4.15 3.76 3.81
1789501517.920 4.06 3.74 3.81
1789501519.921 4.06 3.74 3.81
1789501521.923 3.98 3.73 3.80
1789501523.929 3.98 3.73 3.80
1789501525.931 3.98 3.73 3.80
1789501527.932 3.90 3.72 3.80
1789501529.934 3.90 3.72 3.80
1789501531.935 3.82 3.71 3.79
1789501533.941 3.82 3.71 3.79
1789501535.951 3.82 3.71 3.79
1789501537.956 3.84 3.71 3.79
1789501539.966 3.84 3.71 3.79
1789501541.967 3.77 3.70 3.79
1789501543.967 3.77 3.70 3.79
1789501545.967 3.77 3.70 3.79
1789501547.977 3.95 3.74 3.80
1789501549.979 3.95 3.74 3.80
1789501551.984 3.87 3.72 3.80
1789501553.992 3.87 3.72 3.80
1789501555.993 3.87 3.72 3.80
1789501557.996 3.80 3.71 3.79
1789501559.999 3.80 3.71 3.79
1789501562.006 3.90 3.73 3.80
1789501564.008 3.90 3.73 3.80
1789501566.010 3.90 3.73 3.80
1789501568.011 3.91 3.74 3.80
1789501570.012 3.91 3.74 3.80
1789501572.012 3.83 3.72 3.80
1789501574.019 3.83 3.72 3.80
1789501576.023 3.83 3.72 3.80
1789501578.025 3.61 3.68 3.78
1789501580.029 3.61 3.68 3.78
1789501582.029 3.64 3.68 3.78
1789501584.032 3.64 3.68 3.78
1789501586.032 3.64 3.68 3.78
1789501588.036 4.15 3.79 3.82
1789501590.046 4.15 3.79 3.82
1789501592.046 4.13 3.79 3.82
1789501594.056 4.13 3.79 3.82
1789501596.064 4.13 3.79 3.82
1789501598.064 3.96 3.76 3.81
1789501600.064 3.96 3.76 3.81
1789501602.065 3.81 3.73 3.80
1789501604.065 3.81 3.73 3.80
1789501606.065 3.81 3.73 3.80
1789501608.067 3.82 3.74 3.80
1789501610.077 3.82 3.74 3.80
1789501612.087 3.84 3.74 3.80
1789501614.093 3.84 3.74 3.80
1789501616.093 3.84 3.74 3.80
1789501618.093 3.69 3.71 3.79
1789501620.096 3.69 3.71 3.79
1789501622.096 3.63 3.70 3.78
1789501624.099 3.63 3.70 3.78
1789501626.099 3.63 3.70 3.78
1789501628.099 3.42 3.65 3.77
1789501630.104 3.42 3.65 3.77
1789501632.104 3.31 3.63 3.75
1789501634.104 3.31 3.63 3.75
1789501636.114 3.31 3.63 3.75
1789501638.115 3.20 3.60 3.74
1789501640.122 3.20 3.60 3.74
1789501642.124 3.11 3.57 3.73
1789501644.124 3.11 3.57 3.73
1789501646.124 3.11 3.57 3.73
1789501648.124 3.02 3.55 3.72
1789501650.127 3.02 3.55 3.72
1789501652.133 3.58 3.65 3.76
1789501654.143 3.58 3.65 3.76
1789501656.143 3.58 3.65 3.76
1789501658.143 3.45 3.62 3.75
1789501660.149 3.45 3.62 3.75
1789501662.149 3.33 3.60 3.74
1789501664.149 3.33 3.60 3.74
1789501666.150 3.33 3.60 3.74
1789501668.158 3.23 3.57 3.73
1789501670.158 3.23 3.57 3.73
1789501672.158 3.05 3.53 3.71
1789501674.158 3.05 3.53 3.71
1789501676.161 3.05 3.53 3.71
1789501678.163 3.04 3.52 3.71
1789501680.164 3.04 3.52 3.71
1789501682.168 3.04 3.51 3.70
1789501684.169 3.04 3.51 3.70
1789501686.172 3.04 3.51 3.70
1789501688.173 3.12 3.52 3.71
1789501690.177 3.12 3.52 3.71
1789501692.185 3.11 3.51 3.70
1789501694.186 3.11 3.51 3.70
1789501696.189 3.11 3.51 3.70
1789501698.190 3.18 3.52 3.70
1789501700.194 3.18 3.52 3.70
1789501702.199 3.16 3.51 3.70
1789501704.200 3.16 3.51 3.70
1789501706.200 3.16 3.51 3.70
1789501708.205 3.15 3.50 3.69
1789501710.205 3.15 3.50 3.69
1789501712.205 3.78 3.62 3.74
1789501714.208 3.78 3.62 3.74
1789501716.209 3.78 3.62 3.74
1789501718.215 3.80 3.63 3.74
1789501720.216 3.80 3.63 3.74
1789501722.218 3.73 3.62 3.73
1789501724.218 3.73 3.62 3.73
1789501726.223 3.73 3.62 3.73
1789501728.225 4.39 3.76 3.78
1789501730.225 4.39 3.76 3.78
1789501732.226 4.28 3.75 3.78
1789501734.228 4.28 3.75 3.78
1789501736.232 4.28 3.75 3.78
1789501738.233 4.10 3.72 3.77
1789501740.235 4.10 3.72 3.77
1789501742.239 4.01 3.70 3.76
1789501744.240 4.01 3.70 3.76
1789501746.241 4.01 3.70 3.76
1789501748.244 3.85 3.68 3.75
1789501750.247 3.85 3.68 3.75
1789501752.248 4.26 3.76 3.78
1789501754.249 4.26 3.76 3.78
1789501756.249 4.26 3.76 3.78
1789501758.253 4.24 3.77 3.78
1789501760.253 4.24 3.77 3.78
1789501762.254 4.06 3.74 3.77
1789501764.255 4.06 3.74 3.77
1789501766.256 4.06 3.74 3.77
1789501768.257 4.70 3.87 3.82
1789501770.262 4.70 3.87 3.82
1789501772.263 4.40 3.83 3.80
1789501774.267 4.40 3.83 3.80
1789501776.272 4.40 3.83 3.80
1789501778.273 4.29 3.81 3.80
1789501780.274 4.29 3.81 3.80
1789501782.275 4.10 3.78 3.79
1789501784.279 4.10 3.78 3.79
1789501786.283 4.10 3.78 3.79
1789501788.288 4.74 3.92 3.83
1789501790.293 4.74 3.92 3.83
1789501792.294 4.52 3.89 3.82
1789501794.294 4.52 3.89 3.82
1789501796.299 4.52 3.89 3.82
1789501798.299 4.40 3.87 3.82
1789501800.299 4.40 3.87 3.82
1789501802.300 4.20 3.84 3.81
1789501804.301 4.20 3.84 3.81
1789501806.302 4.20 3.84 3.81
1789501808.303 4.03 3.81 3.80
1789501810.303 4.03 3.81 3.80
1789501812.304 3.78 3.76 3.78
1789501814.307 3.78 3.76 3.78
1789501816.307 3.78 3.76 3.78
1789501818.312 3.72 3.75 3.78
1789501820.312 3.72 3.75 3.78
1789501822.317 5.18 4.05 3.88
1789501824.320 5.18 4.05 3.88
1789501826.324 5.18 4.05 3.88
1789501828.328 4.93 4.02 3.87
1789501830.331 4.93 4.02 3.87
1789501832.337 5.49 4.15 3.92
1789501834.342 5.49 4.15 3.92
1789501836.342 5.49 4.15 3.92
1789501838.343 6.02 4.28 3.96
1789501840.345 6.02 4.28 3.96
1789501842.351 5.69 4.24 3.95
1789501844.351 5.69 4.24 3.95
1789501846.355 5.69 4.24 3.95
1789501848.357 5.96 4.32 3.98
1789501850.358 5.96 4.32 3.98
1789501852.359 5.80 4.32 3.98
1789501854.363 5.80 4.32 3.98
1789501856.369 5.80 4.32 3.98
1789501858.370 5.74 4.33 3.99
1789501860.375 5.74 4.33 3.99
1789501862.379 5.52 4.30 3.98
1789501864.380 5.52 4.30 3.98
1789501866.382 5.52 4.30 3.98
1789501868.383 6.68 4.56 4.08
1789501870.383 6.68 4.56 4.08
1789501872.383 6.30 4.52 4.06
1789501874.386 6.30 4.52 4.06
1789501876.386 6.30 4.52 4.06
1789501878.397 6.60 4.61 4.10
1789501880.405 6.60 4.61 4.10
1789501882.405 6.79 4.69 4.13
1789501884.405 6.79 4.69 4.13
1789501886.409 6.79 4.69 4.13
1789501888.413 6.49 4.66 4.12
1789501890.413 6.49 4.66 4.12
1789501892.418 6.29 4.65 4.12
1789501894.423 6.29 4.65 4.12
1789501896.423 6.29 4.65 4.12
1789501898.427 5.94 4.60 4.11
1789501900.429 5.94 4.60 4.11
1789501902.429 5.55 4.54 4.09
1789501904.433 5.55 4.54 4.09
1789501906.438 5.55 4.54 4.09
1789501908.438 5.26 4.50 4.08
1789501910.442 5.26 4.50 4.08
1789501912.442 5.32 4.52 4.09
1789501914.442 5.32 4.52 4.09
1789501916.442 5.32 4.52 4.09
1789501918.442 5.14 4.50 4.08
1789501920.444 5.14 4.50 4.08
1789501922.445 5.69 4.62 4.13
1789501924.445 5.69 4.62 4.13
1789501926.449 5.69 4.62 4.13
1789501928.455 6.19 4.75 4.17
1789501930.455 6.19 4.75 4.17
1789501932.461 6.90 4.92 4.23
1789501934.467 6.90 4.92 4.23
1789501936.474 6.90 4.92 4.23
1789501938.480 7.54 5.08 4.30
1789501940.481 7.54 5.08 4.30
1789501942.481 8.14 5.25 4.36
1789501944.482 8.14 5.25 4.36
1789501946.484 8.14 5.25 4.36
1789501948.487 7.57 5.18 4.34
1789501950.488 7.57 5.18 4.34
1789501952.494 8.00 5.31 4.39
1789501954.494 8.00 5.31 4.39
1789501956.498 8.00 5.31 4.39
1789501958.503 7.68 5.28 4.39
1789501960.513 7.68 5.28 4.39
1789501962.517 8.59 5.51 4.47
1789501964.520 8.59 5.51 4.47
1789501966.525 8.59 5.51 4.47
1789501968.530 13.51 6.58 4.86
1789501970.531 13.51 6.58 4.86
1789501972.536 12.82 6.56 4.86
1789501974.537 12.82 6.56 4.86
1789501976.540 12.82 6.56 4.86
1789501978.546 11.96 6.48 4.84
1789501980.546 11.96 6.48 4.84
1789501982.548 12.36 6.65 4.91
1789501984.549 12.36 6.65 4.91
1789501986.553 12.36 6.65 4.91
1789501988.556 11.77 6.63 4.91
1789501990.561 11.77 6.63 4.91
1789501992.563 11.15 6.58 4.91
1789501994.568 11.15 6.58 4.91
1789501996.568 11.15 6.58 4.91
1789501998.572 10.42 6.51 4.89
1789502000.573 10.42 6.51 4.89
1789502002.574 10.94 6.68 4.96
1789502004.578 10.94 6.68 4.96
1789502006.589 10.94 6.68 4.96
1789502008.594 10.39 6.63 4.95
1789502010.598 10.39 6.63 4.95
1789502012.599 10.60 6.74 5.00
1789502014.600 10.60 6.74 5.00
1789502016.607 10.60 6.74 5.00
1789502018.607 9.99 6.68 4.99
1789502020.611 9.99 6.68 4.99
1789502022.616 10.47 6.83 5.05
1789502024.617 10.47 6.83 5.05
1789502026.621 10.91 6.98 5.12
1789502028.622 10.91 6.98 5.12
1789502030.627 10.91 6.98 5.12
1789502032.631 10.36 6.93 5.11
1789502034.634 10.36 6.93 5.11
1789502036.641 9.77 6.87 5.10
1789502038.645 9.77 6.87 5.10
1789502040.648 9.77 6.87 5.10
1789502042.651 10.35 7.04 5.17
1789502044.657 10.35 7.04 5.17
1789502046.657 9.92 7.00 5.17
1789502048.658 9.92 7.00 5.17
1789502050.666 9.92 7.00 5.17
1789502052.671 9.36 6.94 5.15
1789502054.671 9.36 6.94 5.15
1789502056.673 8.85 6.87 5.14
1789502058.675 8.85 6.87 5.14
1789502060.676 8.85 6.87 5.14
1789502062.676 8.71 6.87 5.15
1789502064.677 8.71 6.87 5.15
1789502066.687 8.17 6.79 5.13
1789502068.689 8.17 6.79 5.13
1789502070.689 8.17 6.79 5.13
1789502072.690 7.83 6.74 5.13
1789502074.692 7.83 6.74 5.13
1789502076.697 7.37 6.67 5.11
1789502078.701 7.37 6.67 5.11
1789502080.702 7.37 6.67 5.11
1789502082.702 7.98 6.80 5.17
1789502084.706 7.98 6.80 5.17
