1788903045.813 1.90 1.72 1.77
1788903050.817 1.82 1.71 1.77
1788903055.818 1.76 1.69 1.76
1788903060.819 1.78 1.70 1.76
1788903065.819 1.95 1.74 1.78
1788903070.823 2.28 1.81 1.80
1788903075.824 2.26 1.81 1.80
1788903080.824 2.24 1.81 1.80
1788903085.824 2.30 1.83 1.81
1788903090.831 2.19 1.82 1.80
1788903095.831 2.26 1.84 1.81
1788903100.833 2.24 1.84 1.81
1788903105.837 2.30 1.86 1.82
1788903110.837 2.27 1.86 1.82
1788903115.838 2.17 1.85 1.81
1788903120.838 2.24 1.87 1.82
1788903125.848 2.14 1.85 1.82
1788903130.850 2.29 1.89 1.83
1788903135.853 2.18 1.87 1.82
1788903140.863 2.17 1.87 1.83
1788903145.863 2.15 1.88 1.83
1788903150.871 2.22 1.89 1.83
1788903155.871 2.20 1.90 1.83
1788903160.872 2.27 1.91 1.84
1788903165.872 2.25 1.92 1.84
1788903170.872 2.15 1.90 1.84
1788903175.872 2.21 1.92 1.84
1788903180.874 2.36 1.95 1.85
1788903185.874 3.05 2.10 1.91
1788903190.874 2.96 2.10 1.91
1788903195.884 2.89 2.10 1.91
1788903200.890 2.82 2.10 1.91
1788903205.892 2.75 2.09 1.91
1788903210.894 2.69 2.09 1.91
1788903215.894 2.63 2.09 1.91
1788903220.898 2.66 2.10 1.92
1788903225.898 2.85 2.15 1.93
1788903230.898 2.94 2.18 1.95
1788903235.899 2.87 2.18 1.95
1788903240.899 3.28 2.28 1.98
1788903245.900 3.17 2.27 1.98
1788903250.901 3.16 2.28 1.99
1788903255.899 4.03 2.48 2.06
1788903260.900 3.79 2.45 2.05
1788903265.899 3.56 2.43 2.04
1788903270.899 3.68 2.47 2.06
1788903275.902 3.62 2.48 2.07
1788903280.903 3.49 2.47 2.07
1788903285.904 3.37 2.46 2.07
1788903290.904 3.26 2.45 2.07
1788903295.908 4.04 2.63 2.13
1788903300.915 3.88 2.62 2.13
1788903305.915 3.89 2.64 2.14
1788903310.925 3.74 2.63 2.14
1788903315.928 3.60 2.62 2.14
1788903320.931 3.47 2.61 2.14
1788903325.941 4.31 2.80 2.21
1788903330.944 4.13 2.78 2.20
1788903335.954 3.96 2.77 2.20
1788903340.964 4.04 2.81 2.22
1788903345.965 3.96 2.81 2.22
1788903350.969 3.80 2.80 2.22
1788903355.969 3.74 2.80 2.23
1788903360.979 3.76 2.82 2.24
1788903365.984 3.62 2.81 2.24
1788903370.994 3.41 2.78 2.23
1788903376.004 3.29 2.76 2.23
1788903381.010 3.67 2.85 2.26
1788903386.020 3.54 2.83 2.26
1788903391.028 3.89 2.92 2.29
1788903396.030 4.46 3.05 2.34
1788903401.030 4.75 3.14 2.38
1788903406.030 4.52 3.12 2.37
1788903411.031 5.20 3.28 2.43
1788903416.037 5.83 3.44 2.50
1788903421.046 5.52 3.42 2.49
1788903426.047 5.32 3.41 2.50
1788903431.051 5.93 3.57 2.56
1788903436.052 5.62 3.54 2.55
1788903441.052 6.21 3.70 2.62
1788903446.054 5.95 3.69 2.62
1788903451.058 5.63 3.66 2.61
1788903456.062 5.34 3.63 2.61
1788903461.063 5.08 3.60 2.61
1788903466.064 4.99 3.61 2.61
1788903471.064 4.91 3.62 2.62
1788903476.071 4.60 3.57 2.61
1788903481.073 5.59 3.80 2.70
1788903486.075 5.38 3.78 2.70
1788903491.075 5.19 3.77 2.70
1788903496.076 11.34 5.07 3.16
1788903501.078 12.03 5.32 3.26
1788903506.078 11.15 5.24 3.25
